10000
00000
00000
00000
00000
;
10000
10000
00000
00000
00000
;
10000
10000
10000
00000
00000
;
10000
11000
00000
00000
00000
;
10000
10000
10000
10000
00000
;
01000
01000
11000
00000
00000
;
10000
11000
10000
00000
00000
;
11000
11000
00000
00000
00000
;
11000
01100
00000
00000
00000
;
10000
10000
10000
10000
10000
;
01000
01000
01000
11000
00000
;
01000
01000
11000
10000
00000
;
01000
11000
11000
00000
00000
;
11000
01000
11000
00000
00000
;
10000
11000
10000
10000
00000
;
01000
01000
11100
00000
00000
;
10000
10000
11100
00000
00000
;
11000
01100
00100
00000
00000
;
10000
11100
00100
00000
00000
;
10000
11100
01000
00000
00000
;
01000
11100
01000
00000
00000
;
